[gd_scene load_steps=6 format=2]

[ext_resource path="res://addons/laigter_tools/resources/preview_spatial_mesh.tres" type="QuadMesh" id=2]
[ext_resource path="res://addons/laigter_tools/resources/preview_spatial_plane.tres" type="PlaneMesh" id=3]
[ext_resource path="res://addons/laigter_tools/scenes/preview_spatial.gd" type="Script" id=4]

[sub_resource type="Animation" id=6]
length = 0.001
tracks/0/type = "bezier"
tracks/0/path = NodePath("MeshInstance:rotation_degrees:y")
tracks/0/interp = 1
tracks/0/loop_wrap = true
tracks/0/imported = false
tracks/0/enabled = true
tracks/0/keys = {
"points": PoolRealArray( 0, -0.25, 0, 0.25, 0 ),
"times": PoolRealArray( 0 )
}

[sub_resource type="Animation" id=7]
resource_name = "spin"
loop = true
tracks/0/type = "bezier"
tracks/0/path = NodePath("MeshInstance:rotation_degrees:y")
tracks/0/interp = 1
tracks/0/loop_wrap = true
tracks/0/imported = false
tracks/0/enabled = true
tracks/0/keys = {
"points": PoolRealArray( 0.001, -0.25, 0, 0.1, 78.3185, 208.528, -0.0911939, -23.1481, 0.108806, 56.713, 359.999, -0.1, -62.3508, 0.25, 0 ),
"times": PoolRealArray( 0, 0.591194, 1 )
}

[node name="PreviewSpatial" type="Spatial"]
script = ExtResource( 4 )

[node name="Camera" type="Camera" parent="."]
transform = Transform( 1, 0, 0, 0, 0.900357, 0.435153, 0, -0.435153, 0.900357, 0, 0.71413, 3.35971 )
fov = 45.0
size = 1.2

[node name="MeshInstance" type="MeshInstance" parent="."]
transform = Transform( 1, 0, 0, 0, 0.838671, 0.544639, 0, -0.544639, 0.838671, 0, 0, 1.55916 )
mesh = ExtResource( 2 )
skeleton = NodePath("../..")

[node name="DirectionalLight" type="DirectionalLight" parent="."]
transform = Transform( 0.883038, -6.1868e-09, -0.469302, 0.264078, 0.826659, 0.496889, 0.387953, -0.562704, 0.729971, 0, 0.971599, 0 )
shadow_enabled = true
directional_shadow_mode = 0
directional_shadow_max_distance = 12.0

[node name="AnimationPlayer" type="AnimationPlayer" parent="."]
autoplay = "spin"
playback_speed = 0.16
anims/RESET = SubResource( 6 )
anims/spin = SubResource( 7 )

[node name="MeshInstance2" type="MeshInstance" parent="."]
transform = Transform( 1, 0, 0, 0, 1, 0, 0, 0, 1, 0, -0.5, -3.48287 )
cast_shadow = 0
mesh = ExtResource( 3 )
